ID,Title,Author,Price,Stock
1,c++,abcd,500.0,0
